4 0 0 2 0 0 4 1 4 0 0 2 0 0 4 
0 1 1 0 1 1 0 1 0 1 1 0 1 1 0
2 0 0 2 0 2 2 0 2 2 0 2 0 0 2
0 1 1 0 1 0 1 1 1 0 1 0 1 1 0
4 0 0 2 1 4 4 1 4 4 1 2 0 0 4
1 1 1 0 1 1 0 1 0 1 1 0 1 1 1
1 1 1 0 1 4 3 2 3 4 1 0 1 1 1
0 0 0 2 0 2 5 6 5 2 0 2 0 0 0
1 1 1 0 1 2 0 0 0 2 1 0 1 1 1
1 1 1 0 1 0 1 1 1 0 1 0 1 1 1
4 0 0 2 0 2 4 1 4 2 0 2 0 0 4
0 1 1 0 1 1 0 1 0 1 1 0 1 1 0
4 4 1 2 0 2 3 0 3 2 0 2 1 4 4
1 0 1 0 1 0 1 1 1 0 1 0 1 0 1
4 2 0 4 1 4 4 1 4 4 1 4 0 2 4
0 1 1 1 1 1 0 1 0 1 1 1 1 1 0
4 0 0 0 0 0 2 0 2 0 0 0 0 0 4
pos
460 500 40 40
460 260 40 40
460 300 40 40
420 300 40 40
500 300 40 40
d
198 38 4 4
518 38 4 4
198 438 4 4
518 438 4 4
218 38 4 4
538 38 4 4
218 438 4 4
538 438 4 4
238 38 4 4
558 38 4 4
238 438 4 4
558 438 4 4
258 38 4 4
578 38 4 4
258 438 4 4
578 438 4 4
278 38 4 4
598 38 4 4
278 438 4 4
598 438 4 4
298 38 4 4
618 38 4 4
298 438 4 4
618 438 4 4
318 38 4 4
638 38 4 4
318 438 4 4
638 438 4 4
338 38 4 4
658 38 4 4
338 438 4 4
658 438 4 4
358 38 4 4
678 38 4 4
358 438 4 4
678 438 4 4
378 38 4 4
698 38 4 4
378 438 4 4
698 438 4 4
398 38 4 4
718 38 4 4
398 438 4 4
718 438 4 4
418 38 4 4
738 38 4 4
418 438 4 4
738 438 4 4
438 38 4 4
758 38 4 4
438 438 4 4
758 438 4 4
318 218 4 4
638 218 4 4
318 238 4 4
638 238 4 4
318 258 4 4
638 258 4 4
318 278 4 4
638 278 4 4
318 298 4 4
638 298 4 4
318 318 4 4
638 318 4 4
318 338 4 4
638 338 4 4
318 358 4 4
638 358 4 4
318 378 4 4
638 378 4 4
318 398 4 4
638 398 4 4
318 418 4 4
638 418 4 4
198 118 4 4
198 678 4 4
218 118 4 4
218 678 4 4
238 118 4 4
238 678 4 4
258 118 4 4
258 678 4 4
278 118 4 4
278 678 4 4
298 118 4 4
298 678 4 4
318 118 4 4
318 678 4 4
338 118 4 4
338 678 4 4
358 118 4 4
358 678 4 4
378 118 4 4
378 678 4 4
398 118 4 4
398 678 4 4
418 118 4 4
418 678 4 4
438 118 4 4
438 678 4 4
458 118 4 4
458 678 4 4
478 118 4 4
478 678 4 4
498 118 4 4
498 678 4 4
518 118 4 4
518 678 4 4
538 118 4 4
538 678 4 4
558 118 4 4
558 678 4 4
578 118 4 4
578 678 4 4
598 118 4 4
598 678 4 4
618 118 4 4
618 678 4 4
638 118 4 4
638 678 4 4
658 118 4 4
658 678 4 4
678 118 4 4
678 678 4 4
698 118 4 4
698 678 4 4
718 118 4 4
718 678 4 4
738 118 4 4
738 678 4 4
758 118 4 4
758 678 4 4
198 198 4 4
638 198 4 4
318 518 4 4
518 518 4 4
198 598 4 4
638 598 4 4
218 198 4 4
658 198 4 4
338 518 4 4
538 518 4 4
218 598 4 4
658 598 4 4
238 198 4 4
678 198 4 4
358 518 4 4
558 518 4 4
238 598 4 4
678 598 4 4
258 198 4 4
698 198 4 4
378 518 4 4
578 518 4 4
258 598 4 4
698 598 4 4
278 198 4 4
718 198 4 4
398 518 4 4
598 518 4 4
278 598 4 4
718 598 4 4
298 198 4 4
738 198 4 4
418 518 4 4
618 518 4 4
298 598 4 4
738 598 4 4
318 198 4 4
758 198 4 4
438 518 4 4
638 518 4 4
318 598 4 4
758 598 4 4
398 198 4 4
518 198 4 4
198 138 4 4
318 58 4 4
318 138 4 4
438 58 4 4
518 58 4 4
638 58 4 4
638 138 4 4
758 138 4 4
398 138 4 4
558 138 4 4
318 458 4 4
638 458 4 4
518 458 4 4
438 458 4 4
198 618 4 4
438 618 4 4
518 618 4 4
758 618 4 4
238 538 4 4
318 538 4 4
398 538 4 4
558 538 4 4
638 538 4 4
718 538 4 4
198 518 4 4
718 518 4 4
398 598 4 4
518 598 4 4
418 198 4 4
538 198 4 4
198 158 4 4
318 78 4 4
318 158 4 4
438 78 4 4
518 78 4 4
638 78 4 4
638 158 4 4
758 158 4 4
398 158 4 4
558 158 4 4
318 478 4 4
638 478 4 4
518 478 4 4
438 478 4 4
198 638 4 4
438 638 4 4
518 638 4 4
758 638 4 4
238 558 4 4
318 558 4 4
398 558 4 4
558 558 4 4
638 558 4 4
718 558 4 4
218 518 4 4
738 518 4 4
418 598 4 4
538 598 4 4
438 198 4 4
558 198 4 4
198 178 4 4
318 98 4 4
318 178 4 4
438 98 4 4
518 98 4 4
638 98 4 4
638 178 4 4
758 178 4 4
398 178 4 4
558 178 4 4
318 498 4 4
638 498 4 4
518 498 4 4
438 498 4 4
198 658 4 4
438 658 4 4
518 658 4 4
758 658 4 4
238 578 4 4
318 578 4 4
398 578 4 4
558 578 4 4
638 578 4 4
718 578 4 4
238 518 4 4
758 518 4 4
438 598 4 4
558 598 4 4
198 58 4 4
198 98 4 4
758 58 4 4
758 98 4 4
198 458 4 4
198 498 4 4
758 458 4 4
758 498 4 4
u
194 78 4 4
754 78 4 4
194 478 4 4
754 478 4 4